Frequency - 51.8921 cm-1

2e-05
-2e-05
-4e-05
-0.02745
-0.03398
-0.03325
0.02741
0.03394
0.03324
-0.02744
-0.03398
-0.03324
0.02742
0.03394
0.03324
-0.04891
-0.06056
-0.05927
-0.10373
-0.1284
-0.12573
-0.10364
-0.12827
-0.12561
-0.04879
-0.06037
-0.05911
0.04893
0.06057
0.05931
0.10378
0.12848
0.12578
0.10365
0.12831
0.12563
0.04875
0.06035
0.0591
-0.04892
-0.06057
-0.05928
-0.10374
-0.12842
-0.12575
-0.10365
-0.12828
-0.12562
-0.04878
-0.06036
-0.0591
0.04894
0.06059
0.05932
0.10378
0.12847
0.12577
0.10363
0.12829
0.12561
0.04874
0.06034
0.05909
-0.00015
-0.00019
-0.00017
0.00012
0.00017
0.00017
-0.00015
-0.00019
-0.00017
0.00014
0.0002
0.00019
