Frequency - 149.6581 cm-1

-0.0
-0.0
-0.0
-0.05403
-0.06682
-0.06546
-0.02941
-0.03642
-0.0357
0.05404
0.06684
0.06547
0.0294
0.03641
0.03569
0.01305
0.01621
0.01586
0.10127
0.12539
0.12279
0.05515
0.06831
0.06688
-0.04789
-0.05924
-0.05803
-0.06546
-0.08102
-0.07939
0.00024
0.00034
0.00025
0.08493
0.10515
0.10289
0.04651
0.05756
0.05632
-0.01303
-0.01618
-0.01583
-0.10125
-0.12538
-0.12276
-0.05515
-0.06831
-0.06688
0.04791
0.05925
0.05804
0.06545
0.08101
0.07937
-0.00025
-0.00035
-0.00026
-0.08495
-0.10517
-0.10291
-0.04652
-0.05758
-0.05634
-0.02947
-0.03646
-0.03569
-0.09987
-0.1236
-0.12105
0.02948
0.03647
0.0357
0.09987
0.1236
0.12105
