Frequency - 57.9443 cm-1

5e-05
4e-05
6e-05
-2e-05
-5e-05
-5e-05
1e-05
2e-05
3e-05
-3e-05
-5e-05
-5e-05
1e-05
2e-05
3e-05
0.06249
0.07734
0.07573
0.04344
0.05375
0.05264
-0.04373
-0.05414
-0.05302
-0.0626
-0.07748
-0.07588
-0.06248
-0.07732
-0.0757
-0.04347
-0.05378
-0.05266
0.04366
0.05406
0.05292
0.06258
0.07746
0.07584
0.06248
0.07734
0.07572
0.04344
0.05376
0.05263
-0.04372
-0.05412
-0.053
-0.06259
-0.07747
-0.07587
-0.06249
-0.07733
-0.07571
-0.04349
-0.0538
-0.05268
0.04366
0.05406
0.05292
0.06259
0.07747
0.07585
0.10869
0.13454
0.13173
-0.10868
-0.1345
-0.1317
0.10868
0.13453
0.13171
-0.10868
-0.1345
-0.1317
