Frequency - 88.545 cm-1

0.10611
0.13134
0.12861
0.05498
0.06804
0.06665
0.05502
0.0681
0.06665
0.05498
0.06805
0.06666
0.05502
0.0681
0.06665
0.00034
0.00039
0.0004
-0.08198
-0.10147
-0.09937
-0.08194
-0.10141
-0.09932
0.00036
0.00047
0.00046
0.0004
0.0005
0.00047
-0.08193
-0.10141
-0.09929
-0.08195
-0.10143
-0.09932
0.00037
0.00045
0.00043
0.00034
0.0004
0.00041
-0.08198
-0.10149
-0.09938
-0.08196
-0.10143
-0.09933
0.00036
0.00047
0.00047
0.0004
0.00049
0.00047
-0.08192
-0.1014
-0.09927
-0.08194
-0.10143
-0.09931
0.00036
0.00044
0.00042
-0.01141
-0.01414
-0.01383
-0.01133
-0.01401
-0.01372
-0.0114
-0.01413
-0.01382
-0.01133
-0.01401
-0.01371
