Frequency - 149.6144 cm-1

1e-05
1e-05
1e-05
0.02934
0.0363
0.03557
-0.05392
-0.06674
-0.06537
-0.02934
-0.03631
-0.03558
0.05391
0.06673
0.06536
0.06545
0.08099
0.07933
-0.00022
-0.00029
-0.00027
-0.08495
-0.10514
-0.10297
-0.04656
-0.05761
-0.05642
0.01313
0.01625
0.01589
0.10131
0.1254
0.12273
0.05516
0.06828
0.06682
-0.04787
-0.05924
-0.05802
-0.06546
-0.08101
-0.07934
0.00022
0.00029
0.00029
0.08497
0.10516
0.10298
0.04657
0.05762
0.05642
-0.01314
-0.01626
-0.01589
-0.1013
-0.12539
-0.12271
-0.05517
-0.06829
-0.06682
0.04784
0.05922
0.058
0.09986
0.1236
0.12104
-0.02946
-0.03646
-0.03571
-0.09989
-0.12363
-0.12107
0.02946
0.03646
0.03571
