Frequency - 214.0152 cm-1

-3e-05
-4e-05
-3e-05
-0.10967
-0.13589
-0.13502
0.1211
0.14741
0.14538
0.10973
0.13595
0.13508
-0.12109
-0.14739
-0.14536
-0.00665
-0.00723
-0.00885
0.05685
0.07069
0.06885
-0.02307
-0.0297
-0.02903
-0.08541
-0.10712
-0.1059
0.08853
0.10786
0.1055
0.01932
0.02356
0.02296
-0.05521
-0.06886
-0.06633
0.01442
0.01592
0.01741
0.00668
0.00726
0.00888
-0.05687
-0.07074
-0.06887
0.02304
0.02967
0.029
0.08544
0.10716
0.10594
-0.08851
-0.10782
-0.10547
-0.01934
-0.02358
-0.02299
0.05519
0.06884
0.0663
-0.0144
-0.01589
-0.01739
0.05693
0.07264
0.06873
-0.00088
-0.00302
-0.00393
-0.05692
-0.07262
-0.06871
0.00091
0.00308
0.00397
