Frequency - 215.492 cm-1

-0.0
1e-05
-0.0
-0.06086
-0.1111
0.15438
-0.16304
0.1139
0.01762
0.06089
0.11113
-0.15435
0.16301
-0.11394
-0.01765
0.03384
-0.1342
0.105
0.03986
-0.04954
0.01895
-0.05647
0.01815
0.02965
-0.12085
-0.02565
0.12211
-0.14548
0.0331
0.08909
-0.04076
-0.01352
0.05068
-0.00822
0.04785
-0.04514
-0.09208
0.13304
-0.06324
-0.03384
0.13422
-0.10499
-0.03988
0.04953
-0.01894
0.05646
-0.01817
-0.02964
0.12087
0.02565
-0.1221
0.14547
-0.03313
-0.0891
0.04079
0.01352
-0.05066
0.00824
-0.04784
0.04514
0.09206
-0.13306
0.06322
0.08755
-0.18308
0.1169
-0.1826
0.00633
0.14665
-0.08756
0.18308
-0.11691
0.18261
-0.00633
-0.14665
