Frequency - 210.3753 cm-1

0.00037
1e-05
-0.00031
-0.14812
-0.1834
-0.17948
0.14821
0.1836
0.17971
-0.14828
-0.1836
-0.17972
0.14806
0.18335
0.17948
-0.06139
-0.07594
-0.0742
0.03857
0.04777
0.04696
0.03849
0.04762
0.04682
-0.06142
-0.07606
-0.07439
0.06134
0.07607
0.07446
-0.03876
-0.04775
-0.04675
-0.03872
-0.04769
-0.04666
0.06133
0.07613
0.07456
-0.06155
-0.07611
-0.0744
0.0385
0.04773
0.04689
0.0386
0.04774
0.04692
-0.06141
-0.07607
-0.07442
0.06135
0.07604
0.07442
-0.03866
-0.04763
-0.04664
-0.03876
-0.04775
-0.0467
0.0612
0.07592
0.07438
-0.00012
-2e-05
0.00012
-0.00014
-6e-05
-1e-05
-0.00014
1e-05
0.0001
-1e-05
7e-05
9e-05
