Frequency - 292.872 cm-1

-0.0
1e-05
-2e-05
-2e-05
-1e-05
-3e-05
2e-05
-0.0
3e-05
-2e-05
-3e-05
-4e-05
1e-05
-1e-05
1e-05
-0.07062
-0.0874
-0.08559
-0.07809
-0.09664
-0.09466
0.07809
0.09665
0.09465
0.0706
0.08737
0.08556
-0.07061
-0.08741
-0.08556
-0.0781
-0.09664
-0.0946
0.07809
0.09667
0.09468
0.07064
0.08743
0.08563
-0.07063
-0.08742
-0.0856
-0.07809
-0.09666
-0.09465
0.0781
0.09665
0.09463
0.07061
0.08737
0.08555
-0.07061
-0.0874
-0.08557
-0.0781
-0.09664
-0.09461
0.07809
0.09667
0.09466
0.07063
0.08742
0.08561
2e-05
1e-05
1e-05
-1e-05
-4e-05
-2e-05
1e-05
1e-05
2e-05
1e-05
-1e-05
-0.0
