Frequency - 198.9181 cm-1

-6e-05
0.0
6e-05
0.14602
-0.10158
-0.0156
-0.05213
-0.0964
0.14092
-0.146
0.10157
0.0156
0.05214
0.09641
-0.14094
0.14717
-0.09387
-0.02517
0.15604
-0.11057
-0.01601
0.15701
-0.10892
-0.01832
0.14025
-0.10691
-0.00598
-0.04153
-0.10201
0.13778
-0.05712
-0.10269
0.15172
-0.05441
-0.10406
0.15175
-0.06098
-0.08783
0.14023
-0.14712
0.09386
0.02515
-0.15599
0.11056
0.01598
-0.15699
0.10893
0.01828
-0.14024
0.10691
0.00597
0.04154
0.10201
-0.13779
0.05716
0.10268
-0.15174
0.05446
0.10406
-0.1518
0.06101
0.08784
-0.14027
0.06303
-0.00198
-0.05041
0.02992
-0.06354
0.03991
-0.063
0.00198
0.05039
-0.02991
0.06354
-0.03992
