Frequency - 214.073 cm-1

1e-05
-1e-05
1e-05
0.11927
0.1475
0.14686
0.1087
0.13759
0.13368
-0.11906
-0.14725
-0.14662
-0.10891
-0.13785
-0.13392
0.0877
0.10711
0.10705
0.0194
0.02332
0.02342
-0.05583
-0.06804
-0.06658
0.01254
0.01693
0.01789
0.00516
0.00846
0.00868
-0.05728
-0.07052
-0.06857
0.02378
0.03001
0.02836
0.08575
0.1085
0.10425
-0.08761
-0.107
-0.10694
-0.01944
-0.02337
-0.02346
0.05579
0.06798
0.0665
-0.01247
-0.01684
-0.01781
-0.00523
-0.00855
-0.00877
0.05734
0.0706
0.06864
-0.02375
-0.02996
-0.02831
-0.08584
-0.10861
-0.10435
-0.00161
-0.00468
-0.00177
-0.05934
-0.07115
-0.0684
0.0016
0.00468
0.00177
0.05934
0.07115
0.06839
